16 425 16
16 425 27
59 350 16
59 350 17
59 500 27
59 500 28
103 275 7
103 275 17
103 575 28
103 575 38
146 200 7
146 200 8
146 350 17
146 350 18
146 500 28
146 500 29
146 650 38
146 650 39
190 125 0
190 125 8
190 425 18
190 425 29
190 725 39
190 725 47
233 50 0
233 50 1
233 200 8
233 200 9
233 350 18
233 350 19
233 500 29
233 500 30
233 650 39
233 650 40
233 800 47
233 800 48
276 275 9
276 275 19
276 575 30
276 575 40
319 50 1
319 50 2
319 200 9
319 200 10
319 350 19
319 350 20
319 500 30
319 500 31
319 650 40
319 650 41
363 125 2
363 125 10
363 425 20
363 425 31
406 50 2
406 50 3
406 200 10
406 200 11
406 350 20
406 350 21
406 500 31
406 500 32
406 650 41
406 650 42
406 800 48
406 800 49
406 800 50
406 800 51
449 725 41
449 725 43
449 725 49
449 725 51
450 275 11
450 275 21
450 575 32
450 575 42
493 50 3
493 50 4
493 200 11
493 200 12
493 350 21
493 350 22
493 500 32
493 500 33
493 650 42
493 650 43
493 800 49
493 800 50
493 800 51
493 800 52
536 125 4
536 125 12
536 425 22
536 425 33
579 50 4
579 50 5
579 200 12
579 200 13
579 350 22
579 350 23
579 500 33
579 500 34
579 650 43
579 650 44
623 275 13
623 275 23
623 575 34
623 575 44
666 50 5
666 50 6
666 200 13
666 200 14
666 350 23
666 350 24
666 500 34
666 500 35
666 650 44
666 650 45
666 800 52
666 800 53
709 125 6
709 125 14
709 425 24
709 425 35
709 725 45
709 725 53
752 200 14
752 200 15
752 350 24
752 350 25
752 500 35
752 500 36
752 650 45
752 650 46
796 275 15
796 275 25
796 575 36
796 575 46
839 350 25
839 350 26
839 500 36
839 500 37
883 425 26
883 425 37